CSX
"EXCHANGE%3DETR
MARKET_OPEN_MINUTE=540
MARKET_CLOSE_MINUTE=1050
INTERVAL=60
COLUMNS=DATE,OPEN
DATA=
TIMEZONE_OFFSET=60
a1484640300,14.705
1,14.65
2,14.61
26,14.57
27,14.575
276,14.64
368,14.8
369,14.8
372,14.825
377,14.85
394,14.73
401,14.685
438,14.725
444,14.72
469,14.66
a1484726700,14.36
1,14.34
2,14.285
4,14.235
5,14.22
6,14.2
8,14.23
9,14.28
11,14.29
31,14.32
36,14.27
53,14.255
54,14.2
72,14.29
85,14.245
115,14.21
132,14.23
189,14.25
194,14.25
226,14.265
245,14.22
260,14.23
263,14.235
278,14.24
293,14.24
299,14.28
300,14.28
315,14.26
317,14.25
353,14.085
354,14.08
365,14.06
372,14.1
383,14.07
386,14
387,14
389,13.955
391,13.925
392,13.915
398,14.01
404,14.085
409,14.06
410,14.09
413,14.145
414,14.18
425,14.135
426,14.14
427,14.19
438,14.22
441,14.225
444,14.22
453,14.2
458,14.25
467,14.175
472,14.2
476,14.255
477,14.22
503,14.28
a1484813160,14.445
4,14.45
7,14.46
24,14.4
25,14.4
26,14.4
140,14.33
156,14.345
239,14.4
336,14.46
337,14.48
a1484899500,14.345
21,14.465
41,14.48
43,14.47
55,14.495
61,14.485
81,14.5
168,14.485
182,14.5
303,14.47
318,14.455
337,14.47
373,14.45
414,14.44
416,14.47
456,14.485
475,14.47
a1485158700,14.265
1,14.2
2,14.2
6,14.2
9,14.15
11,14.175
13,14.15
14,14.125
26,14.145
35,14.155
42,14.19
55,14.175
59,14.2
74,14.19
89,14.22
99,14.255
102,14.26
116,14.24
122,14.23
130,14.23
137,14.23
143,14.24
161,14.16
250,14.22
253,14.2
254,14.2
255,14.18
272,14.17
274,14.17
275,14.17
277,14.15
310,14.17
331,14.12
353,14.12
373,14.155
377,14.14
397,14.165
420,14.145
433,14.08
457,14.05
458,14.05
472,14
a1485245100,14.215
3,14.25
41,14.245
71,14.18
120,14.235
132,14.26
133,14.26
170,14.275
304,14.2
332,14.165
391,14.2
460,14.19
470,14.17
471,14.205
491,14.26
a1485331500,14.475
10,14.445
20,14.53
31,14.55
59,14.585
68,14.535
80,14.58
82,14.575
96,14.595
109,14.59
112,14.59
124,14.605
138,14.575
152,14.6
155,14.605
173,14.59
193,14.63
204,14.63
240,14.64
310,14.655
370,14.74
373,14.74
396,14.77
401,14.755
416,14.8
425,14.825
427,14.81
436,14.84
447,14.765
473,14.845
493,14.795
494,14.78
500,14.75
a1485417900,15.005
1,15.04
2,15.015
8,15.025
10,14.99
15,14.995
44,14.93
47,14.9
48,14.9
58,15
61,14.99
62,14.98
70,14.995
72,14.98
85,14.98
94,15
101,14.975
110,14.98
117,14.955
120,14.945
129,14.975
191,14.97
192,14.97
209,14.97
230,15.005
231,15.005
285,14.975
297,14.96
299,14.92
337,14.84
338,14.81
399,14.81
414,14.88
431,14.915
465,14.865
475,14.84
482,14.81
484,14.81
a1485504300,14.48
9,14.45
29,14.435
32,14.445
42,14.41
51,14.38
66,14.335
68,14.3
89,14.31
111,14.21
112,14.19
127,14.175
144,14.235
147,14.235
162,14.275
171,14.28
187,14.27
189,14.315
198,14.36
207,14.33
220,14.29
244,14.315
248,14.315
249,14.31
324,14.35
357,14.345
387,14.325
392,14.32
393,14.33
395,14.34
396,14.35
398,14.36
399,14.35
400,14.35
401,14.35
403,14.345
422,14.34
444,14.26
446,14.25
451,14.27
456,14.225
466,14.245
480,14.215
484,14.225
485,14.235
493,14.275
499,14.22
501,14.235
502,14.25
a1485763500,14.28
4,14.24
5,14.25
10,14.235
22,14.21
41,14.13
42,14.155
49,14.205
59,14.21
80,14.235
104,14.18
105,14.19
107,14.19
108,14.19
111,14.19
112,14.18
113,14.19
114,14.195
115,14.215
116,14.215
129,14.22
293,14.39
299,14.4
308,14.355
319,14.27
321,14.275
328,14.3
346,14.335
369,14.345
375,14.36
376,14.36
378,14.38
382,14.385
384,14.42
392,14.41
393,14.41
409,14.335
413,14.345
416,14.325
459,14.315
487,14.32
496,14.325
503,14.285
a1485849900,14.345
7,14.295
11,14.21
12,14.21
13,14.19
14,14.2
67,14.41
79,14.47
111,14.535
122,14.52
139,14.42
177,14.375
194,14.365
221,14.3
229,14.275
248,14.275
297,14.25
322,14.29
336,14.305
361,14.295
393,14.28
420,14.1
421,14.1
428,14.105
437,14.115
455,14.085
456,14.095
458,14.085
461,14.085
467,14.045
468,14.03
478,14.035
485,14.06
503,14.02
a1485937380,14.27
7,14.195
8,14.195
32,14.095
36,14.125
58,14.175
76,14.17
86,14.18
112,14.265
137,14.235
162,14.18
191,14.19
225,14.165
237,14.16
300,14.255
314,14.225
373,14.255
380,14.24
386,14.22
390,14.22
396,14.21
404,14.2
483,14.28
484,14.28
a1486022820,14.135
2,14.18
12,14.05
15,14.065
17,14.07
42,13.96
44,13.9
45,13.87
57,13.94
59,13.97
67,13.975
78,13.94
81,13.95
114,13.88
173,13.92
206,13.89
211,13.9
233,13.875
242,13.85
248,13.815
249,13.81
271,13.895
289,13.88
300,13.85
316,13.87
345,13.83
378,13.815
380,13.83
386,13.8
414,13.865
437,13.85
a1486109100,13.95
1,13.93
2,13.9
7,13.885
9,13.92
14,14.05
18,14.095
20,14.11
25,14.095
27,14.12
29,14.12
58,14.095
59,14.09
95,14.065
114,14
127,14
138,14
161,14.04
209,14
228,13.985
331,13.995
357,13.985
405,14.02
430,14.02
436,13.99
488,14.12
495,14.15
496,14.145
505,14.15
a1486368300,14.115
2,14.135
14,14.1
37,13.98
70,14.11
115,14.15
124,14.145
130,14.13
196,14.03
197,14
209,13.98
268,14.005
353,13.95
364,14.015
399,13.995
a1486454700,14.025
33,13.88
35,13.84
39,13.855
45,13.83
46,13.82
58,13.865
248,13.87
299,13.915
412,14.005
465,13.925
469,13.92
470,13.92
473,13.92
476,13.915
a1486542240,13.93
6,13.9
24,13.87
69,13.845
77,13.83
119,13.8
126,13.8
138,13.8
148,13.76
169,13.745
197,13.7
249,13.68
258,13.65
276,13.505
277,13.5
278,13.48
280,13.39
289,13.445
314,13.45
322,13.42
324,13.42
372,13.41
379,13.4
380,13.385
383,13.36
384,13.32
391,13.28
392,13.27
412,13.29
413,13.275
426,13.37
428,13.37
432,13.38
451,13.505
457,13.515
465,13.545
469,13.555
472,13.52
476,13.52
a1486627500,13.7
1,13.735
4,13.745
92,13.595
220,13.675
358,13.53
418,13.64
421,13.615
454,13.64
a1486713900,13.885
6,13.775
8,13.8
32,13.725
52,13.68
72,13.685
88,13.665
94,13.645
105,13.63
117,13.65
126,13.625
137,13.64
142,13.635
144,13.645
183,13.6
240,13.585
255,13.58
270,13.595
298,13.65
381,13.685
421,13.65
440,13.635
a1486973100,13.71
86,13.68
151,13.67
226,13.695
298,13.78
330,13.795
341,13.78
389,13.87
409,13.925
458,13.91
501,13.925
505,13.88
a1487059920,14.365
3,14.335
8,14.28
20,14.2
24,14.195
25,14.175
27,14.2
29,14.165
43,14.21
46,14.205
62,14.235
68,14.27
69,14.3
75,14.3
76,14.255
99,14.285
123,14.28
147,14.265
168,14.275
192,14.275
213,14.245
233,14.225
234,14.22
242,14.245
261,14.22
268,14.13
298,14.065
303,14.06
305,14.02
314,14.035
316,14.065
341,14.03
342,14.03
351,14.065
418,14.18
425,14.2
442,14.195
448,14.17
458,14.24
466,14.275
476,14.21
498,14.275
a1487145900,14.34
1,14.36
3,14.385
6,14.41
7,14.42
17,14.4
22,14.435
55,14.43
59,14.42
65,14.4
69,14.445
83,14.42
89,14.42
116,14.465
133,14.46
141,14.455
146,14.455
153,14.455
162,14.455
166,14.42
168,14.4
180,14.38
185,14.335
187,14.355
216,14.365
221,14.34
255,14.39
280,14.415
311,14.42
326,14.44
328,14.47
334,14.51
338,14.525
346,14.51
349,14.5
356,14.49
371,14.45
382,14.44
408,14.46
428,14.435
444,14.465
448,14.48
457,14.5
477,14.51
497,14.51
503,14.56
a1487232300,14.43
42,14.4
184,14.385
245,14.39
253,14.415
254,14.405
316,14.38
377,14.4
467,14.24
a1487318700,14.47
3,14.5
5,14.525
6,14.535
10,14.555
17,14.495
62,14.32
74,14.32
81,14.315
91,14.3
125,14.29
129,14.285
157,14.275
204,14.285
209,14.32
276,14.23
341,14.225
408,14.25
a1487578020,14.645
2,14.645
6,14.705
7,14.7
76,14.64
106,14.6
125,14.655
148,14.67
150,14.665
156,14.63
177,14.615
243,14.56
246,14.56
271,14.54
287,14.525
320,14.52
332,14.55
333,14.545
345,14.52
382,14.55
493,14.565
a1487664300,14.715
1,14.65
2,14.65
14,14.565
18,14.565
21,14.555
25,14.555
27,14.585
30,14.625
31,14.63
34,14.645
36,14.65
44,14.635
56,14.635
60,14.68
63,14.68
74,14.675
92,14.7
135,14.64
170,14.65
205,14.63
349,14.645
426,14.725
457,14.715
467,14.69
487,14.665
a1487750700,14.71
5,14.7
8,14.69
19,14.74
24,14.71
27,14.68
29,14.675
44,14.645
53,14.58
98,14.6
167,14.51
222,14.475
223,14.49
288,14.45
436,14.51
a1487837400,14.47
26,14.52
47,14.47
81,14.52
93,14.54
208,14.5
262,14.5
301,14.57
322,14.555
418,14.595
431,14.515
434,14.515
440,14.495
443,14.5
498,14.415
500,14.415
a1487923500,14.455
1,14.45
15,14.35
98,14.27
141,14.3
167,14.26
168,14.25
181,14.27
184,14.235
205,14.225
215,14.2
231,14.16
244,14.15
248,14.17
250,14.17
252,14.185
324,14.075
334,14.05
338,14.05
355,14.02
423,14.1
434,14.1
a1488182700,14.175
24,14.08
33,14.075
41,14.04
42,14.04
46,14.06
49,14.06
58,14
62,13.99
66,13.99
71,14.015
75,14.045
78,14.015
93,13.985
96,13.985
113,14.015
116,14.01
132,14.04
330,14.11
363,14.09
411,14.085
429,14.11
a1488269100,14.215
64,14.25
121,14.24
157,14.26
198,14.37
251,14.37
273,14.345
307,14.25
336,14.265
358,14.22
367,14.19
452,14.215
462,14.205
502,14.345
505,14.3
a1488356400,14.415
7,14.48
27,14.58
35,14.57
46,14.645
51,14.65
64,14.7
65,14.71
67,14.715
69,14.73
86,14.73
103,14.71
107,14.73
116,14.75
192,14.8
240,14.815
243,14.8
256,14.85
257,14.855
284,14.86
292,14.825
305,14.87
313,14.86
384,14.82
387,14.815
389,14.81
390,14.81
413,14.86
417,14.875
421,14.89
422,14.89
455,14.885
458,14.89
459,14.89
a1488442860,14.905
27,14.95
33,14.945
49,14.965
73,15
80,15
104,14.915
128,14.9
224,14.865
240,14.875
257,14.9
284,14.94
324,14.93
350,14.93
351,14.93
359,14.92
370,14.855
371,14.89
376,14.815
377,14.825
424,14.865
467,14.82
469,14.795
470,14.795
471,14.795
472,14.78
a1488528300,14.665
38,14.675
119,14.605
131,14.64
219,14.95
222,14.95
245,14.975
253,15
256,15.02
349,14.99
393,14.99
453,14.895
496,14.955
a1488787620,14.475
1,14.49
5,14.565
7,14.55
8,14.62
10,14.595
12,14.545
18,14.51
28,14.495
36,14.52
40,14.505
42,14.495
45,14.46
54,14.44
58,14.42
64,14.385
73,14.405
84,14.475
86,14.5
87,14.475
91,14.47
96,14.43
101,14.405
113,14.455
115,14.44
120,14.44
125,14.41
133,14.435
162,14.41
170,14.415
175,14.395
176,14.395
177,14.38
199,14.355
207,14.375
220,14.37
246,14.385
247,14.38
275,14.365
323,14.425
392,14.33
419,14.325
434,14.3
436,14.3
440,14.29
476,14.23
a1488873900,14.3
2,14.235
30,14.2
49,14.22
51,14.255
63,14.265
69,14.26
76,14.245
78,14.24
87,14.225
107,14.23
120,14.22
146,14.22
233,14.28
236,14.265
255,14.22
256,14.22
343,14.23
355,14.235
380,14.21
415,14.185
423,14.205
436,14.175
494,14.22
497,14.21
a1488960960,14.205
51,14.26
54,14.28
57,14.31
71,14.44
102,14.495
115,14.5
178,14.465
192,14.45
267,14.46
300,14.515
315,14.5
367,14.5
383,14.57
394,14.58
404,14.55
414,14.53
480,14.46
a1489046700,14.4
7,14.38
8,14.405
11,14.39
14,14.38
35,14.405
42,14.465
48,14.46
71,14.39
93,14.35
120,14.32
160,14.34
165,14.32
238,14.355
263,14.285
296,14.255
306,14.22
333,14.315
341,14.31
362,14.38
366,14.39
414,14.45
415,14.465
444,14.45
448,14.42
456,14.385
457,14.385
459,14.375
462,14.365
498,14.38
499,14.305
a1489133400,14.45
3,14.465
9,14.5
18,14.49
28,14.5
34,14.55
36,14.555
39,14.56
50,14.58
51,14.575
56,14.625
59,14.62
63,14.62
66,14.625
71,14.62
73,14.605
76,14.59
91,14.615
93,14.6
134,14.625
135,14.625
152,14.6
173,14.615
223,14.58
225,14.585
243,14.565
280,14.6
348,14.555
359,14.5
443,14.49
452,14.45
454,14.45
456,14.46
484,14.455
a1489392300,14.35
2,14.335
5,14.32
14,14.305
19,14.295
80,14.335
150,14.355
166,14.34
191,14.33
376,14.48
505,14.42
a1489478700,14.41
41,14.385
51,14.38
58,14.355
68,14.38
72,14.36
121,14.375
224,14.35
232,14.33
257,14.335
336,14.33
398,14.235
400,14.225
427,14.295
465,14.335
476,14.305
482,14.33
489,14.315
493,14.335
a1489565580,14.455
12,14.495
13,14.49
17,14.485
20,14.48
71,14.5
230,14.455
255,14.455
266,14.465
334,14.535
371,14.545
467,14.515
481,14.525
492,14.53
494,14.53
a1489651500,14.565
1,14.545
5,14.5
8,14.52
16,14.57
49,14.5
59,14.575
78,14.58
102,14.565
103,14.565
118,14.515
128,14.505
184,14.52
242,14.56
277,14.47
289,14.475
342,14.47
412,14.535
493,14.485
495,14.48
a1489743360,14.61
7,14.57
22,14.615
65,14.59
75,14.57
91,14.545
122,14.51
150,14.515
212,14.495
225,14.49
275,14.465
284,14.45
345,14.4
364,14.39
394,14.415
400,14.42
404,14.45
410,14.45
a1489997100,14.335
2,14.29
3,14.265
5,14.28
11,14.29
14,14.29
20,14.3
62,14.3
97,14.3
145,14.27
154,14.245
156,14.24
196,14.265
244,14.305
280,14.29
341,14.255
a1490083620,14.36
9,14.33
172,14.315
220,14.31
318,14.46
369,14.3
370,14.305
413,14.205
418,14.16
431,14.12
432,14.115
436,14.1
438,14.15
442,14.13
459,14.12
466,14.1
470,14.075
476,14.1
480,14.145
495,14.11
a1490169900,13.955
1,13.9
2,13.845
7,13.8
29,13.785
32,13.76
35,13.77
44,13.76
50,13.76
64,13.77
71,13.725
72,13.73
82,13.75
90,13.74
109,13.795
140,13.75
161,13.75
165,13.75
224,13.775
254,13.79
278,13.76
305,13.8
312,13.795
317,13.78
324,13.795
404,13.86
406,13.85
439,13.9
458,13.885
474,13.915
485,13.89
496,13.86
504,13.86
a1490256300,13.905
1,13.88
13,13.86
22,13.86
28,13.865
29,13.855
35,13.86
113,13.85
140,13.825
162,13.89
166,13.87
192,13.87
197,13.875
199,13.865
233,13.87
243,13.875
254,13.9
296,13.83
298,13.815
328,13.85
342,13.845
343,13.6
345,13.55
346,13.5
347,13.56
348,13.625
351,13.58
352,13.605
354,13.525
356,13.48
363,13.56
364,13.545
371,13.5
378,13.5
379,13.46
381,13.465
382,13.45
384,13.445
386,13.4
389,13.395
394,13.42
395,13.42
400,13.455
410,13.46
418,13.445
420,13.445
421,13.455
422,13.46
423,13.455
424,13.45
427,13.485
429,13.505
434,13.525
462,13.5
476,13.48
480,13.51
501,13.615
502,13.575
a1490342700,13.755
4,13.7
8,13.71
11,13.74
14,13.71
24,13.68
25,13.69
26,13.72
29,13.72
34,13.72
36,13.735
50,13.69
60,13.71
75,13.705
103,13.67
110,13.66
134,13.6
144,13.565
186,13.575
213,13.59
262,13.625
278,13.67
306,13.71
315,13.71
334,13.67
340,13.64
376,13.645
377,13.625
388,13.665
417,13.63
425,13.655
437,13.625
441,13.645
456,13.68
485,13.66
496,13.615
498,13.605
TIMEZONE_OFFSET=120
a1490598300,13.5
18,13.445
36,13.44
41,13.435
55,13.405
63,13.395
65,13.38
78,13.41
88,13.46
94,13.465
98,13.45
119,13.45
124,13.45
126,13.43
147,13.445
155,13.405
205,13.455
225,13.5
282,13.51
293,13.495
306,13.455
345,13.495
356,13.46
394,13.495
407,13.595
417,13.6
421,13.61
423,13.605
428,13.59
437,13.63
438,13.63
443,13.665
447,13.67
461,13.68
468,13.665
486,13.7
a1490684700,13.85
5,13.78
15,13.81
30,13.825
39,13.78
49,13.78
58,13.74
90,13.725
93,13.72
151,13.75
320,13.745
357,13.75
391,13.8
392,13.8
423,13.81
430,13.81
461,13.85
462,13.83
482,13.9
483,13.91
487,13.94
504,13.91
505,13.895
a1490771100,13.89
2,13.88
16,14
27,14.045
28,14.05
43,14.03
49,14.035
102,14
113,13.97
129,13.97
274,13.87
329,13.835
354,13.87
368,13.9
407,13.91
414,13.92
478,13.965
492,13.905
a1490857500,13.955
3,13.98
14,14
17,13.98
19,13.98
25,13.91
33,13.96
79,13.955
116,13.955
123,13.925
137,13.955
152,13.945
156,13.95
200,13.94
331,13.965
339,13.945
482,14.05
497,14.1
499,14.145
a1490944380,14.04
6,14.095
19,14.12
26,14.165
61,14.12
71,14.11
98,14.005
99,14.01
110,13.975
118,13.955
186,13.96
222,13.935
240,13.955
242,13.97
251,13.995
284,13.975
306,14.005
365,13.9
367,13.885
441,13.93
477,13.905
a1491203100,13.905
3,13.89
5,13.82
6,13.805
9,13.765
15,13.74
17,13.735
36,13.77
43,13.765
44,13.76
47,13.805
81,13.74
102,13.745
114,13.715
136,13.78
138,13.765
183,13.76
258,13.775
270,13.775
413,13.75
463,13.695
473,13.64
475,13.615
a1491289500,13.615
1,13.6
2,13.585
63,13.58
66,13.575
74,13.575
78,13.575
84,13.585
98,13.56
99,13.55
101,13.54
109,13.565
123,13.565
128,13.595
146,13.58
155,13.58
161,13.6
167,13.605
169,13.63
170,13.635
171,13.635
174,13.67
175,13.68
192,13.675
227,13.69
232,13.745
235,13.755
237,13.775
238,13.745
250,13.67
256,13.7
264,13.675
279,13.65
292,13.645
305,13.6
323,13.61
391,13.65
a1491376140,13.675
11,13.735
35,13.7
62,13.65
96,13.655
116,13.655
145,13.73
148,13.74
188,13.7
199,13.69
251,13.635
303,13.6
308,13.685
330,13.69
374,13.69
381,13.715
385,13.74
395,13.745
418,13.795
428,13.765
451,13.71
460,13.71
461,13.71
462,13.705
468,13.7
475,13.71
a1491462420,13.37
2,13.36
12,13.345
14,13.345
16,13.34
23,13.395
49,13.42
51,13.43
59,13.39
70,13.45
99,13.47
162,13.48
163,13.495
191,13.49
204,13.485
205,13.47
233,13.505
243,13.51
250,13.515
273,13.565
310,13.585
335,13.575
374,13.54
375,13.54
405,13.58
408,13.565
454,13.64
a1491548760,13.585
6,13.58
7,13.56
8,13.53
11,13.55
23,13.565
34,13.605
40,13.595
44,13.58
48,13.57
51,13.55
62,13.55
71,13.535
81,13.5
107,13.555
141,13.525
146,13.53
218,13.605
254,13.59
272,13.62
285,13.64
300,13.625
325,13.61
397,13.58
460,13.54
498,13.635
499,13.575
500,13.575
a1491807960,13.7
7,13.675
61,13.765
91,13.815
109,13.795
141,13.775
154,13.735
155,13.735
161,13.735
172,13.72
191,13.73
211,13.745
259,13.795
269,13.75
279,13.755
291,13.81
383,13.8
412,13.785
445,13.76
485,13.75
a1491894300,13.645
1,13.635
2,13.65
3,13.67
8,13.625
12,13.595
20,13.63
127,13.68
198,13.705
203,13.695
216,13.7
248,13.705
417,13.65
420,13.675
431,13.675
435,13.675
444,13.635
455,13.62
459,13.6
469,13.57
478,13.57
480,13.6
483,13.58
495,13.615
497,13.685
a1491980700,13.725
61,13.69
100,13.7
126,13.68
218,13.58
219,13.575
305,13.55
362,13.59
391,13.595
486,13.605
497,13.62
498,13.62
505,13.625
a1492067100,13.455
2,13.41
99,13.415
103,13.415
167,13.5
187,13.465
202,13.43
214,13.425
233,13.465
263,13.43
309,13.42
323,13.425
332,13.415
379,13.405
452,13.45
457,13.43
482,13.485
495,13.44
a1492499100,13.43
38,13.3
41,13.25
45,13.27
51,13.295
53,13.26
59,13.27
99,13.265
101,13.26
155,13.18
205,13.25
207,13.24
209,13.24
215,13.26
220,13.245
254,13.27
340,13.19
358,13.19
490,13.24
502,13.225
a1492585800,13.265
1,13.275
2,13.28
5,13.315
7,13.325
11,13.3
53,13.32
69,13.31
81,13.37
106,13.375
120,13.39
140,13.37
203,13.38
318,13.38
397,13.425
432,13.43
461,13.445
a1492673100,13.46
285,13.455
360,13.43
361,13.43
375,13.47
394,13.455
419,13.49
423,13.5
425,13.5
426,13.5
430,13.51
446,13.555
469,13.515
475,13.51
a1492759200,13.5
12,13.54
36,13.49
54,13.44
111,13.53
345,13.545
386,13.515
415,13.55
a1493017500,13.795
2,13.785
3,13.815
5,13.84
14,13.835
30,13.865
36,13.86
48,13.94
54,13.945
65,13.955
109,14.025
114,14.035
116,14.04
152,14.01
156,14
198,13.955
206,13.925
316,14.005
340,14.01
342,14.01
349,14
367,13.9
402,13.92
427,13.925
428,13.92
451,13.95
a1493103900,13.895
7,13.925
9,13.92
11,13.91
17,13.895
20,13.875
27,13.885
61,13.905
63,13.88
98,13.88
152,13.93
159,13.925
168,13.92
183,13.95
218,13.975
224,13.975
245,14
271,14.055
276,14.08
283,14.085
292,14.08
302,14.08
332,14.12
345,14.125
434,14.18
438,14.21
467,14.1
470,14.105
474,14.14
476,14.14
479,14.165
500,14.16
502,14.145
a1493190300,14.06
1,14.09
2,14.195
4,14.25
6,14.28
9,14.22
11,14.31
12,14.375
16,14.34
18,14.37
19,14.405
20,14.41
25,14.42
29,14.44
34,14.47
37,14.485
41,14.46
42,14.47
43,14.49
44,14.525
55,14.6
56,14.55
66,14.44
92,14.46
94,14.44
98,14.45
102,14.45
116,14.445
123,14.455
132,14.465
135,14.455
143,14.465
155,14.47
170,14.485
172,14.485
179,14.5
184,14.49
197,14.445
199,14.41
201,14.415
208,14.415
209,14.385
210,14.385
226,14.39
228,14.36
259,14.385
265,14.365
287,14.42
303,14.43
306,14.43
312,14.445
334,14.465
373,14.5
404,14.61
405,14.61
410,14.58
413,14.58
442,14.58
451,14.58
457,14.58
466,14.57
490,14.595
500,14.565
504,14.505
505,14.6
a1493276700,14.38
5,14.31
7,14.32
14,14.34
22,14.365
31,14.3
80,14.25
81,14.255
93,14.2
94,14.21
102,14.17
113,14.15
115,14.105
119,14.16
131,14.205
132,14.215
159,14.215
165,14.195
179,14.17
184,14.19
204,14.195
212,14.195
221,14.195
264,14.21
269,14.2
332,14.2
335,14.215
367,14.22
389,14.215
417,14.18
422,14.17
432,14.15
437,14.13
443,14.13
450,14.13
474,14.11
a1493363100,14.045
3,13.99
5,13.96
9,13.965
15,13.99
16,13.96
18,13.93
21,13.905
24,13.885
26,13.89
40,13.935
42,13.935
58,13.98
69,14
88,14.04
89,14.04
139,14.025
140,14.04
156,14.035
181,13.985
188,14
204,14.025
206,14.005
294,14.035
343,14.055
360,14.085
368,14.035
390,14.01
459,13.94
a1493708700,14
2,13.99
11,14.02
19,13.995
56,13.97
60,13.965
79,13.99
131,13.99
146,14.01
152,14.01
166,14.01
177,14.015
198,13.975
214,14.01
228,14.01
269,13.965
271,13.98
297,13.975
326,14.015
339,14.03
401,14.07
409,14.055
494,14.03
503,14.025
504,14.025
a1493795160,14.005
2,14
8,14.04
32,14.025
66,14.025
83,14.02
94,14.065
121,14.075
125,14.12
176,14.09
189,14.06
190,14.055
193,14.05
247,14.05
255,14.06
259,14.075
314,14.065
315,14.07
347,14.115
389,14.085
415,14.13
426,14.115
450,14.1
458,14.09
459,14.09
a1493882160,14.215
1,14.23
9,14.3
23,14.29
25,14.3
28,14.285
30,14.275
70,14.225
132,14.235
250,14.175
272,14.215
377,14.255
421,14.245
426,14.245
427,14.235
428,14.235
446,14.245
449,14.225
480,14.2
a1493967900,14.07
9,14.08
11,14.1
13,14.1
18,14.135
92,14.165
113,14.14
131,14.185
152,14.16
170,14.175
304,14.155
377,14.26
378,14.28
453,14.21
454,14.22
481,14.25
492,14.29
a1494227100,14.28
3,14.275
5,14.275
6,14.27
9,14.215
11,14.245
24,14.225
36,14.26
44,14.25
46,14.265
60,14.315
67,14.265
91,14.245
93,14.225
127,14.215
137,14.225
170,14.19
234,14.185
282,14.17
290,14.155
292,14.155
315,14.135
363,14.08
368,14.115
378,14.12
381,14.15
401,14.16
402,14.15
412,14.115
454,14.165
461,14.175
477,14.215
484,14.225
490,14.21
495,14.225
a1494313500,13.63
1,13.645
2,13.685
3,13.73
5,13.76
6,13.765
7,13.75
10,13.74
14,13.73
21,13.7
24,13.71
31,13.74
33,13.75
35,13.76
37,13.75
38,13.75
41,13.72
42,13.72
45,13.74
46,13.74
49,13.75
51,13.74
53,13.745
55,13.745
67,13.78
75,13.75
82,13.745
89,13.765
101,13.765
111,13.755
121,13.77
128,13.75
158,13.78
165,13.775
207,13.785
226,13.8
234,13.79
240,13.765
245,13.77
274,13.78
281,13.795
284,13.795
296,13.79
351,13.785
352,13.79
377,13.76
416,13.74
418,13.74
427,13.74
429,13.735
443,13.72
494,13.735
500,13.715
505,13.715
a1494399900,13.725
15,13.73
25,13.715
34,13.7
99,13.69
198,13.745
269,13.73
271,13.73
296,13.71
306,13.72
325,13.725
339,13.72
378,13.7
a1494486300,13.78
3,13.765
25,13.7
26,13.68
35,13.65
39,13.64
41,13.645
111,13.745
118,13.74
147,13.77
174,13.74
190,13.74
196,13.72
198,13.7
258,13.68
287,13.665
293,13.665
327,13.64
342,13.64
393,13.665
395,13.65
420,13.6
422,13.62
441,13.595
443,13.59
448,13.585
455,13.58
459,13.6
473,13.63
495,13.66
a1494572700,13.595
63,13.665
70,13.68
84,13.695
103,13.655
127,13.63
311,13.57
329,13.52
445,13.5
450,13.5
455,13.49
a1494832080,13.5
59,13.455
62,13.435
63,13.43
97,13.43
138,13.42
158,13.42
159,13.4
176,13.43
198,13.425
214,13.41
286,13.465
306,13.475
323,13.475
342,13.475
350,13.485
449,13.56
462,13.57
469,13.535
471,13.52
488,13.55
a1494918360,13.4
8,13.39
16,13.375
27,13.39
34,13.4
77,13.455
96,13.455
105,13.44
230,13.435
231,13.415
253,13.42
395,13.41
403,13.415
405,13.405
438,13.35
456,13.3
465,13.325
469,13.32
479,13.29
492,13.3
494,13.3
a1495004700,13.25
27,13.14
30,13.145
36,13.11
102,13.145
130,13.19
147,13.17
176,13.15
199,13.13
251,13.13
280,13.1
285,13.105
329,13.08
336,13.095
353,13.075
360,13.05
384,13.02
387,13.04
392,13.05
395,13.03
399,13.04
407,13.01
408,13
411,12.97
413,12.95
416,12.96
417,12.965
419,12.975
422,12.97
424,13
436,12.965
451,12.93
453,12.925
455,12.915
461,12.955
467,12.94
476,12.92
481,12.945
487,12.97
489,12.985
490,12.985
497,12.82
501,12.98
503,13.03
a1495091400,12.87
15,12.74
58,12.68
65,12.69
66,12.695
68,12.68
84,12.715
90,12.74
102,12.75
104,12.75
106,12.745
107,12.725
113,12.72
130,12.705
142,12.68
145,12.65
148,12.62
156,12.6
159,12.56
168,12.545
172,12.57
176,12.6
191,12.625
229,12.655
236,12.68
274,12.765
282,12.75
291,12.76
294,12.775
320,12.75
349,12.84
357,12.845
367,12.88
374,12.83
382,12.805
391,12.87
399,12.86
416,12.89
421,12.9
423,12.89
425,12.89
445,12.955
453,12.94
462,12.925
491,12.83
495,13.005
a1495177500,12.945
2,12.9
6,12.915
12,12.895
21,12.9
33,12.9
45,12.92
53,12.9
54,12.9
66,12.915
73,12.885
107,12.885
146,12.935
155,12.93
236,12.785
239,12.795
262,12.775
286,12.77
287,12.76
288,12.76
383,12.8
391,12.8
401,12.82
408,12.835
411,12.855
421,12.87
422,12.86
436,12.855
460,12.815
a1495437420,12.82
15,12.84
25,12.84
46,12.88
54,12.91
95,12.925
122,12.925
164,12.89
181,12.91
186,12.9
287,12.94
297,12.91
321,12.905
328,12.895
341,12.91
384,12.915
393,12.915
409,12.885
411,12.855
418,12.81
461,12.76
470,12.78
478,12.825
480,12.835
a1495523100,12.32
1,12.21
2,12.25
10,12.24
14,12.26
24,12.34
26,12.31
35,12.275
39,12.265
41,12.26
44,12.26
46,12.255
52,12.26
53,12.25
54,12.25
65,12.295
68,12.29
70,12.275
78,12.285
81,12.315
84,12.305
85,12.305
87,12.325
90,12.325
91,12.325
98,12.32
100,12.31
101,12.3
102,12.295
103,12.26
104,12.265
105,12.245
108,12.265
123,12.28
130,12.275
140,12.275
159,12.25
197,12.285
211,12.29
217,12.285
229,12.27
256,12.27
285,12.29
311,12.295
314,12.3
316,12.3
344,12.295
346,12.295
351,12.295
352,12.295
357,12.295
368,12.295
374,12.285
391,12.265
395,12.275
406,12.26
419,12.265
459,12.29
489,12.33
495,12.33
a1495609500,12.29
8,12.275
16,12.265
20,12.265
22,12.255
24,12.25
30,12.255
31,12.265
36,12.28
41,12.285
57,12.28
77,12.28
80,12.285
94,12.265
107,12.265
112,12.26
116,12.25
143,12.25
147,12.265
152,12.265
178,12.255
185,12.24
189,12.245
202,12.25
208,12.24
222,12.235
231,12.245
271,12.25
324,12.275
334,12.265
341,12.255
407,12.415
414,12.43
424,12.425
425,12.405
435,12.42
439,12.425
441,12.41
449,12.44
454,12.435
469,12.4
470,12.395
471,12.405
483,12.385
488,12.395
502,12.395
a1495697520,12.475
55,12.425
71,12.42
108,12.4
147,12.4
150,12.405
188,12.39
216,12.42
230,12.44
231,12.41
245,12.42
285,12.46
335,12.405
339,12.45
361,12.41
381,12.455
416,12.395
430,12.415
471,12.465
a1495782840,12.39
19,12.41
23,12.45
33,12.52
51,12.5
55,12.465
73,12.5
87,12.475
121,12.505
125,12.555
190,12.655
199,12.64
206,12.625
232,12.615
241,12.6
242,12.6
256,12.57
257,12.56
262,12.57
269,12.61
302,12.645
314,12.655
316,12.63
325,12.68
326,12.68
329,12.675
354,12.685
364,12.675
377,12.595
393,12.565
394,12.545
414,12.55
422,12.52
434,12.54
435,12.505
440,12.53
490,12.625
a1496041800,12.52
5,12.5
6,12.5
11,12.445
31,12.42
32,12.43
33,12.44
37,12.445
43,12.45
78,12.425
81,12.4
103,12.38
104,12.38
118,12.38
138,12.42
142,12.425
171,12.41
174,12.41
177,12.39
179,12.41
185,12.41
187,12.41
228,12.395
229,12.395
231,12.385
237,12.395
243,12.41
247,12.395
287,12.385
327,12.37
328,12.38
333,12.39
335,12.385
356,12.405
360,12.385
361,12.39
362,12.4
372,12.385
382,12.385
400,12.4
416,12.425
455,12.445
457,12.455
467,12.46
479,12.47
489,12.475
494,12.48
a1496128740,12.36
1,12.34
7,12.33
8,12.315
15,12.305
17,12.3
20,12.305
31,12.325
46,12.34
50,12.365
66,12.335
79,12.325
80,12.335
82,12.34
102,12.39
139,12.42
173,12.39
193,12.375
220,12.405
227,12.375
250,12.39
280,12.385
293,12.41
311,12.43
344,12.405
376,12.355
381,12.375
386,12.37
415,12.365
420,12.355
424,12.345
425,12.35
450,12.345
470,12.33
487,12.35
a1496214420,12.25
7,12.235
8,12.22
14,12.19
25,12.18
28,12.165
29,12.165
39,12.165
40,12.17
42,12.19
44,12.175
45,12.17
75,12.185
93,12.195
141,12.195
202,12.23
206,12.23
207,12.23
213,12.215
214,12.215
215,12.19
220,12.205
222,12.23
237,12.235
246,12.235
259,12.23
263,12.24
273,12.215
301,12.33
310,12.36
405,12.315
418,12.225
419,12.23
427,12.215
433,12.205
436,12.21
437,12.2
444,12.175
460,12.21
490,12.21
493,12.21
a1496300700,12.18
4,12.2
32,12.2
58,12.255
73,12.28
98,12.295
115,12.27
171,12.295
183,12.295
209,12.325
223,12.315
248,12.31
311,12.285
321,12.26
329,12.28
333,12.26
389,12.24
399,12.245
408,12.24
413,12.23
417,12.23
485,12.205
486,12.205
488,12.2
489,12.2
a1496387100,12.145
2,12.12
5,12.135
6,12.12
7,12.09
8,12.07
11,12.1
12,12.115
51,12.335
67,12.355
71,12.32
83,12.385
126,12.43
131,12.44
145,12.45
248,12.47
321,12.445
338,12.365
343,12.33
362,12.41
396,12.3
398,12.3
401,12.275
402,12.255
406,12.27
415,12.24
418,12.265
422,12.28
424,12.27
a1496732700,12.335
8,12.285
10,12.245
45,12.245
61,12.25
64,12.26
82,12.24
96,12.245
109,12.245
129,12.2
153,12.215
259,12.2
291,12.205
331,12.2
336,12.21
339,12.185
363,12.175
376,12.17
383,12.15
394,12.145
403,12.17
436,12.185
440,12.2
476,12.15
505,12.13
a1496819100,12.195
3,12.135
14,12.165
16,12.17
61,12.29
105,12.265
130,12.235
168,12.215
222,12.26
248,12.26
285,12.28
319,12.275
388,12.26
406,12.27
442,12.2
452,12.18
a1496905500,12.23
78,12.145
140,12.19
153,12.165
157,12.165
184,12.16
250,12.19
258,12.175
293,12.24
297,12.23
305,12.235
313,12.215
403,12.2
441,12.17
450,12.17
500,12.185
505,12.2
a1496991900,12.215
39,12.31
47,12.27
50,12.27
80,12.28
87,12.265
149,12.225
164,12.23
171,12.215
181,12.23
199,12.2
205,12.21
206,12.21
231,12.175
233,12.155
251,12.17
365,12.235
380,12.28
394,12.29
395,12.285
396,12.285
414,12.3
473,12.37
485,12.41
499,12.4
501,12.36
a1497251100,12.435
8,12.39
11,12.38
19,12.35
22,12.35
87,12.285
156,12.205
160,12.195
167,12.2
197,12.18
282,12.245
322,12.265
327,12.27
392,12.32
421,12.315
427,12.3
452,12.295
496,12.285
503,12.275
504,12.275
505,12.27
a1497337740,12.255
2,12.275
3,12.275
8,12.285
9,12.28
16,12.285
29,12.305
40,12.295
51,12.315
55,12.32
101,12.31
131,12.315
136,12.315
137,12.315
154,12.3
155,12.28
212,12.29
214,12.305
218,12.31
233,12.28
244,12.28
275,12.27
318,12.29
415,12.3
453,12.3
486,12.305
492,12.28
494,12.28
497,12.295
a1497423900,12.345
29,12.3
32,12.31
41,12.305
61,12.325
157,12.285
226,12.24
227,12.24
228,12.22
239,12.21
245,12.235
297,12.225
328,12.22
353,12.205
363,12.19
389,12.12
396,12.095
411,12.17
412,12.15
472,12.095
489,12.095
505,12.09
a1497510300,12.15
15,12
16,12
17,11.97
21,12.01
53,12.02
92,11.97
131,11.995
189,12
194,11.97
222,11.97
306,11.915
307,11.9
312,11.925
336,11.9
372,11.89
381,11.885
386,11.91
433,11.96
471,11.93
504,11.925
505,11.925
a1497596760,12.05
15,12.05
45,12.05
49,12.07
84,12.125
103,12.15
121,12.12
123,12.125
139,12.11
152,12.115
190,12.065
249,12.07
255,12.09
276,12.075
296,12.08
301,12.095
305,12.095
336,12.07
353,12.06
357,12.08
459,12.06
463,12.08
476,12.055
484,12.05
504,12.005
a1497856020,12.355
5,12.4
13,12.43
15,12.435
32,12.465
35,12.44
63,12.4
118,12.465
144,12.495
192,12.51
202,12.525
211,12.53
223,12.52
224,12.53
257,12.505
270,12.545
284,12.55
289,12.54
292,12.55
315,12.54
329,12.56
385,12.535
391,12.52
395,12.5
399,12.515
412,12.5
422,12.505
431,12.495
443,12.54
453,12.565
a1497942360,12.59
13,12.545
46,12.49
67,12.525
68,12.545
76,12.54
106,12.515
109,12.51
125,12.54
143,12.52
162,12.54
169,12.5
217,12.48
297,12.45
324,12.43
338,12.435
340,12.42
428,12.455
429,12.455
470,12.45
475,12.435
480,12.43
488,12.42
494,12.405
a1498028700,12.305
39,12.24
40,12.26
46,12.25
63,12.265
86,12.265
88,12.265
102,12.305
137,12.22
189,12.23
204,12.245
218,12.25
227,12.26
242,12.285
267,12.255
328,12.4
362,12.405
365,12.38
393,12.36
445,12.34
446,12.42
450,12.445
474,12.445
492,12.38
505,12.35
a1498119420,12.29
4,12.29
44,12.305
45,12.335
119,12.32
137,12.34
301,12.33
332,12.355
365,12.3
394,12.35
399,12.365
400,12.365
419,12.335
420,12.335
433,12.31
a1498201500,12.435
1,12.415
4,12.395
154,12.31
166,12.3
184,12.28
220,12.25
378,12.33
391,12.31
408,12.295
409,12.29
418,12.32
462,12.37
495,12.33
496,12.34
a1498461000,12.41
18,12.365
54,12.425
81,12.415
104,12.45
113,12.44
147,12.44
304,12.485
314,12.485
340,12.435
438,12.49
453,12.445
465,12.45
473,12.405
476,12.4
489,12.38
491,12.415
a1498547100,12.405
6,12.37
17,12.435
26,12.43
35,12.43
44,12.4
75,12.395
133,12.49
171,12.52
188,12.555
221,12.535
223,12.54
243,12.5
254,12.525
295,12.525
330,12.49
358,12.515
361,12.5
386,12.555
399,12.555
423,12.6
440,12.625
445,12.615
457,12.62
458,12.62
463,12.63
474,12.6
493,12.62
500,12.64
505,12.6
a1498633680,12.55
2,12.505
17,12.52
18,12.545
22,12.54
77,12.46
103,12.5
159,12.57
173,12.56
180,12.58
270,12.55
317,12.565
364,12.6
a1498719900,12.815
13,12.795
17,12.87
18,12.87
19,12.88
20,12.895
28,12.845
37,12.78
39,12.825
97,12.835
134,12.93
217,12.9
248,12.93
257,12.99
297,13.03
298,13.025
308,13.04
318,13
328,12.965
337,13
364,12.965
377,12.96
419,12.875
428,12.845
478,12.92
480,12.9
484,12.92
a1498810680,12.865
11,12.86
47,12.825
62,12.84
143,12.91
185,12.875
330,12.93
331,12.93
357,12.845
359,12.86
372,12.845
373,12.835
420,12.72
a1499065740,12.87
38,12.97
100,13.045
140,13.02
256,13.04
307,13.04
347,13.1
352,13.1
401,13.075
447,13.125
499,13.07
a1499152080,13.1
8,13.1
12,13.175
29,13.18
59,13.23
68,13.195
72,13.21
74,13.21
79,13.215
80,13.195
83,13.195
84,13.18
95,13.185
139,13.16
275,13.155
287,13.16
303,13.165
314,13.17
322,13.19
352,13.165
359,13.145
367,13.135
381,13.155
408,13.225
421,13.22
429,13.235
453,13.255
462,13.26
479,13.215
492,13.21
"
